日期,科普信息,疫情态势,疫情影响,捐助公益,求助信息,政府政策,人物故事,公众心理,无效信息,新增确诊
2020-01-01,114,177,121,3,7,145,9,370,393,0
2020-01-02,153,253,44,11,8,98,83,396,378,0
2020-01-03,100,443,13,5,3,46,15,481,268,0
2020-01-04,15,91,1,8,0,12,1,43,1,0
2020-01-05,102,749,16,6,14,76,20,726,304,0
2020-01-06,89,515,33,1,2,30,8,358,291,0
2020-01-07,50,110,21,4,8,43,7,445,310,0
2020-01-08,43,394,8,3,12,15,6,375,251,0
2020-01-09,296,856,28,7,25,18,10,485,561,0
2020-01-10,69,195,5,3,15,6,1,160,192,0
2020-01-11,150,689,21,11,17,9,13,450,499,41
2020-01-12,80,286,2,2,4,14,6,165,208,0
2020-01-13,61,200,9,6,5,11,5,176,193,0
2020-01-14,61,180,4,6,2,7,5,189,137,0
2020-01-15,178,388,12,13,2,13,5,362,230,0
2020-01-16,111,369,6,11,25,9,5,608,516,0
2020-01-17,226,655,25,14,33,17,16,1000,1045,17
2020-01-18,855,708,28,23,28,10,37,1446,1032,59
2020-01-19,248,733,27,18,0,19,5,343,18,77
2020-01-20,5101,7263,605,68,168,320,353,8229,4512,104
2020-01-21,2480,4514,165,41,46,569,272,1703,79,149
2020-01-22,1799,6364,119,35,43,668,198,1991,93,131
2020-01-23,6446,12124,3865,569,551,3213,3131,14133,4701,259
2020-01-24,1643,6340,314,394,140,1198,379,2324,300,444
2020-01-25,1276,4289,162,313,147,805,565,1057,112,688
2020-01-26,441,1602,71,126,107,233,126,220,14,769
2020-01-27,4521,7290,2462,919,1078,4131,1138,7495,6440,1771
2020-01-28,10072,10144,2138,41522,1028,5149,1944,15924,14259,1459
2020-01-29,13410,11103,3034,3871,1946,4338,2055,22921,28133,1737
2020-01-30,6587,6206,2187,1169,1231,3106,1536,15337,15635,1982
2020-01-31,13881,21475,5013,14921,1634,7885,4063,13278,12399,2102
2020-02-01,18703,14162,5472,22634,1828,7765,3954,36298,24278,2590
2020-02-02,19754,20281,5520,52025,5366,11497,12682,115174,67676,2829
2020-02-03,18926,15584,4659,24708,4541,9596,5804,48697,42301,3235
2020-02-04,19104,17108,3232,15102,6621,8437,5003,40741,43585,3887
2020-02-05,20600,18592,4268,17504,8693,13042,5627,54099,71297,3694
2020-02-06,14443,14590,3426,27120,15249,9447,10996,45467,40033,3143
2020-02-07,7537,8593,1624,57529,14063,5934,3336,30276,20346,3399
2020-02-08,13216,13393,3213,160743,30383,8081,5567,53292,218576,2656
2020-02-09,35217,17104,8458,128955,52047,14703,13925,165588,208783,3062
2020-02-10,12104,5664,694,31109,15605,2612,2926,26177,22251,2478
2020-02-11,36138,12673,9372,90822,20239,13567,9417,81177,62115,2015
2020-02-12,32621,14048,8548,83926,19134,13329,9949,95897,96057,3553
2020-02-13,29103,15423,7724,77030,18029,13091,10480,110617,129999,3097
2020-02-14,27834,9246,6243,34127,5691,9618,6953,56368,43452,2641
2020-02-15,30257,12124,5747,71062,21441,9996,7908,60610,37137,2009
2020-02-16,25473,10665,2335,55431,11469,7710,4820,30790,16590,2048
2020-02-17,21283,11701,4378,62792,15040,10454,8748,58004,47185,1886
2020-02-18,17092,12737,6421,70153,18610,13198,12675,85218,77779,1749
2020-02-19,4112,141130,3008,14854,8675,3371,5671,32462,38591,394
2020-02-20,11153,10790,6688,37404,16343,10689,12129,52402,41000,889
2020-02-21,5581,130496,3782,5185,6759,3961,2585,26481,31034,397
2020-02-22,11591,14733,6883,49051,13027,12360,11095,66371,38497,648
2020-02-23,3856,159220,3448,4434,4063,2610,2747,28739,34193,409
2020-02-24,10931,8659,9164,55643,9591,12589,8458,76017,68837,508
2020-02-25,10550,9471,10029,19466,6064,11910,15749,62413,52391,406
2020-02-26,12576,12327,10313,19191,7451,12977,27730,73758,64159,433
2020-02-27,12752,13365,10327,16694,7344,12385,25932,69052,74144,327
2020-02-28,9511,10532,11390,17543,6242,10460,27457,54332,78516,427
2020-02-29,10646,13254,7944,18742,7318,9750,24543,70161,98513,573
2020-03-01,10698,11131,7422,16574,11637,8315,11437,48357,67863,202
2020-03-02,10362,9870,7925,8928,7186,9344,14629,42647,49311,125
2020-03-03,8651,10255,8002,7246,9986,9922,14329,46593,44315,119
2020-03-04,11519,8800,7593,6479,6441,13250,8329,39727,37815,139
2020-03-05,8167,9646,7928,8840,9019,11265,12520,47203,38002,143
2020-03-06,7719,10158,8230,9013,7808,8106,15455,44809,34905,99
2020-03-07,6759,8497,5498,10259,8388,7411,21423,41211,34768,44
2020-03-08,5520,7031,6007,7565,5941,6421,12886,38877,35940,40
2020-03-09,4280,5564,6516,4871,3494,5431,4348,36543,37112,19
2020-03-10,9710,8612,10082,25005,9177,8659,5640,60246,48479,24
2020-03-11,11140,8835,8721,26742,10355,12017,5259,49486,47305,15
2020-03-12,8233,8605,8564,9820,4293,7040,3945,54293,45903,8
2020-03-13,7515,9173,10547,7136,11153,7807,4232,61895,49917,11
2020-03-14,10852,11418,8669,5825,11132,8462,4797,64833,39356,20
2020-03-15,9661,9085,6862,6573,12467,8556,5802,65147,37170,16
2020-03-16,8983,11194,11855,5622,13057,9254,6507,63396,48288,21
2020-03-17,9595,9139,10596,5487,11723,8345,6592,56395,47113,13
2020-03-18,8706,9613,10752,6339,13789,6865,7125,69362,56151,34
2020-03-19,7747,9269,10018,5134,13634,9649,8649,73612,44902,39
2020-03-20,6256,9364,8131,5017,11226,8918,8693,79986,66200,41
2020-03-21,5669,10614,8030,6346,13746,7527,5476,64106,61193,46
2020-03-22,6392,11531,7530,5109,13005,7054,4114,53787,49085,39
2020-03-23,6642,9062,9934,5146,13005,6935,4416,52485,57641,78
2020-03-24,13676,10317,9415,5120,10663,9812,4863,56327,57398,47
2020-03-25,8975,8282,8279,4830,9189,9685,4936,54927,62807,67
2020-03-26,5469,9553,8374,5346,11794,7068,6492,57936,66662,55
2020-03-27,7660,9756,8463,4771,12792,6240,5282,67067,87025,54
2020-03-28,7088,9566,7523,4607,13246,5317,5543,59697,69560,45
2020-03-29,6515,9376,6583,4443,13700,4394,5803,52327,52095,31
2020-03-30,5908,9681,8273,3910,12260,4990,4540,51409,41865,48
2020-03-31,4904,6514,8375,3472,12789,4928,3548,43266,42638,36
2020-04-01,6341,7460,7798,5734,13430,6425,3596,51748,74861,35
2020-04-02,6111,7267,7514,5608,13491,6508,4775,46644,56169,31
2020-04-03,5409,6098,6447,3773,12489,5731,4211,44468,42137,19
2020-04-04,6058,6927,4399,2091,2724,6907,7436,94496,42384,30
2020-04-05,6649,7272,4120,3953,13148,6669,3536,56387,51838,39
2020-04-06,6826,7932,5117,3646,13991,6166,3307,52001,66722,32
2020-04-07,5718,7317,7766,5046,11607,9410,3879,43398,50893,62
2020-04-08,4701,6062,6946,5186,12198,6769,3491,36782,37002,63
2020-04-09,7203,10287,10445,10720,19033,13939,4702,48643,51706,42
2020-04-10,9704,14512,13943,16253,25867,21108,5912,60504,66409,46
2020-04-11,13054,19498,10949,12140,26394,21805,6340,103372,104052,99
2020-04-12,15441,16003,10311,13239,26512,17594,6724,84101,121913,108
2020-04-13,6031,8163,5965,7161,11445,8303,2879,30468,36160,89
2020-04-14,4517,6954,6439,4887,11935,7970,2899,28843,28583,46
2020-04-15,6160,6378,6611,6261,11783,6574,2428,26556,27793,46